0 0.622070 0.064453 0.115234 0.125000
0 0.209961 0.072266 0.033203 0.035156
0 0.437500 0.013672 0.042969 0.027344
0 0.456055 0.106445 0.025391 0.048828
0 0.301758 0.266602 0.123047 0.150391
0 0.861328 0.203125 0.097656 0.085938
0 0.871094 0.378906 0.074219 0.074219
0 0.983398 0.709961 0.033203 0.091797
0 0.792969 0.773438 0.125000 0.187500
0 0.504883 0.701172 0.064453 0.066406
0 0.437500 0.463867 0.292969 0.298828
0 0.266602 0.465820 0.111328 0.169922
0 0.145508 0.540039 0.259766 0.216797
0 0.038086 0.576172 0.076172 0.285156
0 0.048828 0.988281 0.097656 0.023438