0 0.036133 0.140625 0.072266 0.253906
0 0.093750 0.057617 0.187500 0.115234
0 0.424805 0.082031 0.244141 0.164062
0 0.518555 0.149414 0.154297 0.119141
0 0.687500 0.133789 0.183594 0.166016
0 0.802734 0.125000 0.179688 0.160156
0 0.919922 0.025391 0.160156 0.050781
0 0.435547 0.334961 0.105469 0.076172
0 0.925781 0.551758 0.148438 0.177734
0 0.356445 0.385742 0.111328 0.107422
0 0.542969 0.616211 0.113281 0.107422
0 0.146484 0.376953 0.144531 0.093750
0 0.175781 0.469727 0.164062 0.123047
0 0.434570 0.704102 0.255859 0.166016
0 0.437500 0.834961 0.109375 0.095703
0 0.031250 0.387695 0.062500 0.064453
0 0.482422 0.975586 0.062500 0.048828
0 0.270508 0.952148 0.115234 0.095703
0 0.199219 0.983398 0.156250 0.033203