0 0.136719 0.048828 0.250000 0.097656
0 0.159180 0.139648 0.251953 0.177734
0 0.191406 0.273438 0.222656 0.183594
0 0.416992 0.457031 0.291016 0.332031
0 0.545898 0.730469 0.205078 0.214844
0 0.255859 0.772461 0.097656 0.107422
0 0.345703 0.839844 0.058594 0.062500
0 0.866211 0.715820 0.142578 0.072266
0 0.848633 0.772461 0.095703 0.068359
0 0.906250 0.787109 0.117188 0.105469
0 0.960938 0.934570 0.042969 0.025391
0 0.920898 0.963867 0.068359 0.072266
0 0.923828 0.997070 0.050781 0.005859
0 0.776367 0.413086 0.302734 0.298828
0 0.868164 0.309570 0.263672 0.298828
0 0.944336 0.374023 0.111328 0.337891
0 0.812500 0.627930 0.156250 0.126953