0 0.158203 0.883789 0.039062 0.068359
0 0.168945 0.954102 0.037109 0.060547
0 0.000977 0.309570 0.001953 0.298828
0 0.041992 0.374023 0.083984 0.337891
0 0.171875 0.355469 0.207031 0.238281
0 0.120117 0.669922 0.142578 0.093750
0 0.114258 0.588867 0.138672 0.095703
0 0.197266 0.558594 0.117188 0.109375
0 0.285156 0.529297 0.089844 0.093750
0 0.305664 0.683594 0.177734 0.125000
0 0.395508 0.344727 0.232422 0.267578
0 0.482422 0.497070 0.152344 0.134766
0 0.613281 0.494141 0.121094 0.121094
0 0.594727 0.284180 0.224609 0.251953
0 0.374023 0.104492 0.236328 0.208984
0 0.837891 0.072266 0.062500 0.050781
0 0.886719 0.034180 0.058594 0.052734
0 0.959961 0.051758 0.064453 0.060547
0 0.928711 0.224609 0.142578 0.289062
0 0.803711 0.204102 0.220703 0.251953
0 0.809570 0.585938 0.330078 0.449219
0 0.975586 0.639648 0.048828 0.138672
0 0.672852 0.636719 0.130859 0.125000
0 0.524414 0.637695 0.189453 0.123047
0 0.991211 0.501953 0.017578 0.117188
0 0.463867 0.739258 0.087891 0.083984