0 0.263672 0.072266 0.156250 0.144531
0 0.086914 0.144531 0.115234 0.101562
0 0.931641 0.161133 0.136719 0.322266
0 0.705078 0.230469 0.035156 0.031250
0 0.391602 0.415039 0.099609 0.060547
0 0.311523 0.429688 0.052734 0.035156
0 0.044922 0.390625 0.042969 0.050781
0 0.246094 0.891602 0.046875 0.048828
0 0.306641 0.665039 0.042969 0.044922
0 0.301758 0.957031 0.158203 0.085938
0 0.394531 0.617188 0.070312 0.050781
0 0.758789 0.526367 0.076172 0.083984
0 0.802734 0.705078 0.109375 0.113281
0 0.785156 0.617188 0.070312 0.074219
0 0.982422 0.679688 0.035156 0.066406
0 0.816406 0.901367 0.117188 0.119141
0 0.837891 0.972656 0.128906 0.054688
0 0.999023 0.477539 0.001953 0.091797