0 0.975586 0.729492 0.048828 0.291016
0 0.988281 0.140625 0.023438 0.140625
0 0.940430 0.181641 0.119141 0.097656
0 0.685547 0.224609 0.039062 0.027344
0 0.582031 0.247070 0.082031 0.060547
0 0.488281 0.257812 0.062500 0.042969
0 0.283203 0.282227 0.136719 0.189453
0 0.528320 0.376953 0.037109 0.023438
0 0.588867 0.353516 0.052734 0.054688
0 0.013672 0.831055 0.027344 0.033203
0 0.001953 0.857422 0.003906 0.070312
0 0.066406 0.961914 0.132812 0.076172
0 0.444336 0.912109 0.201172 0.175781
0 0.539062 0.533203 0.074219 0.121094
0 0.935547 0.845703 0.042969 0.042969
0 0.797852 0.871094 0.064453 0.070312
0 0.967773 0.979492 0.064453 0.041016