0 0.755859 0.047852 0.062500 0.095703
0 0.889648 0.126953 0.099609 0.105469
0 0.880859 0.223633 0.093750 0.103516
0 0.949219 0.232422 0.101562 0.136719
0 0.994141 0.363281 0.011719 0.210938
0 0.437500 0.141602 0.183594 0.220703
0 0.409180 0.233398 0.166016 0.099609
0 0.363281 0.340820 0.132812 0.130859
0 0.489258 0.328125 0.103516 0.128906
0 0.576172 0.403320 0.035156 0.037109
0 0.317383 0.443359 0.029297 0.031250
0 0.540039 0.413086 0.072266 0.072266
0 0.449219 0.420898 0.062500 0.068359
0 0.354492 0.449219 0.056641 0.054688
0 0.006836 0.096680 0.013672 0.052734
0 0.022461 0.458008 0.029297 0.025391
0 0.071289 0.492188 0.072266 0.058594
0 0.031250 0.768555 0.062500 0.134766
0 0.099609 0.750977 0.109375 0.134766
0 0.203125 0.735352 0.113281 0.123047
0 0.322266 0.723633 0.113281 0.103516
0 0.876953 0.651367 0.109375 0.146484
0 0.944336 0.634766 0.111328 0.179688