0 0.999023 0.263672 0.001953 0.058594
0 0.943359 0.371094 0.046875 0.062500
0 0.658203 0.325195 0.093750 0.083984
0 0.518555 0.344727 0.095703 0.076172
0 0.481445 0.088867 0.076172 0.052734
0 0.566406 0.088867 0.070312 0.060547
0 0.680664 0.072266 0.083984 0.054688
0 0.276367 0.009766 0.048828 0.019531
0 0.091797 0.054688 0.183594 0.109375
0 0.358398 0.567383 0.068359 0.072266
0 0.468750 0.624023 0.050781 0.052734
0 0.378906 0.751953 0.121094 0.125000
0 0.154297 0.794922 0.117188 0.113281
0 0.069336 0.827148 0.072266 0.064453
0 0.420898 0.978516 0.130859 0.042969
0 0.907227 0.768555 0.021484 0.021484
0 0.908203 0.790039 0.027344 0.021484