0 0.718750 0.071289 0.058594 0.056641
0 0.514648 0.014648 0.068359 0.029297
0 0.500977 0.113281 0.060547 0.050781
0 0.348633 0.039062 0.083984 0.078125
0 0.517578 0.166016 0.070312 0.062500
0 0.491211 0.228516 0.083984 0.089844
0 0.585938 0.192383 0.078125 0.076172
0 0.572266 0.262695 0.082031 0.072266
0 0.263672 0.118164 0.074219 0.056641
0 0.298828 0.163086 0.054688 0.056641
0 0.140625 0.081055 0.097656 0.095703
0 0.028320 0.098633 0.056641 0.076172
0 0.643555 0.295898 0.052734 0.056641
0 0.757812 0.339844 0.042969 0.050781
0 0.783203 0.452148 0.082031 0.083984
0 0.805664 0.617188 0.060547 0.062500
0 0.556641 0.606445 0.054688 0.048828
0 0.605469 0.624023 0.062500 0.068359
0 0.510742 0.642578 0.080078 0.070312
0 0.675781 0.570312 0.082031 0.093750
0 0.833008 0.742188 0.083984 0.097656
0 0.278320 0.717773 0.115234 0.126953
0 0.017578 0.718750 0.035156 0.117188
0 0.053711 0.827148 0.080078 0.087891
0 0.065430 0.765625 0.080078 0.078125
0 0.124023 0.786133 0.072266 0.095703
0 0.185547 0.776367 0.101562 0.119141
0 0.292969 0.830078 0.082031 0.074219
0 0.123047 0.855469 0.085938 0.093750
0 0.418945 0.789062 0.044922 0.046875
0 0.436523 0.861328 0.048828 0.058594
0 0.379883 0.928711 0.111328 0.103516
0 0.515625 0.817383 0.125000 0.142578
0 0.684570 0.862305 0.259766 0.275391
0 0.854492 0.912109 0.072266 0.074219
0 0.500000 0.942383 0.148438 0.115234
0 0.399414 0.979492 0.072266 0.041016
0 0.329102 0.975586 0.099609 0.048828