0 0.643555 0.139648 0.076172 0.076172
0 0.703125 0.192383 0.097656 0.083984
0 0.820312 0.296875 0.210938 0.156250
0 0.813477 0.382812 0.099609 0.093750
0 0.897461 0.397461 0.134766 0.130859
0 0.823242 0.497070 0.185547 0.169922
0 0.961914 0.466797 0.076172 0.113281
0 0.976562 0.320312 0.046875 0.089844
0 0.248047 0.099609 0.101562 0.093750
0 0.845703 0.666016 0.113281 0.101562
0 0.812500 0.890625 0.046875 0.042969
0 0.621094 0.846680 0.046875 0.064453
0 0.607422 0.713867 0.078125 0.068359
0 0.408203 0.835938 0.070312 0.078125
0 0.244141 0.791016 0.199219 0.210938
0 0.089844 0.498047 0.046875 0.054688
0 0.134766 0.495117 0.050781 0.052734