0 0.440430 0.025391 0.177734 0.050781
0 0.552734 0.084961 0.156250 0.138672
0 0.629883 0.120117 0.099609 0.111328
0 0.712891 0.055664 0.078125 0.076172
0 0.160156 0.061523 0.222656 0.123047
0 0.964844 0.057617 0.070312 0.115234
0 0.942383 0.302734 0.115234 0.148438
0 0.774414 0.461914 0.146484 0.134766
0 0.552734 0.337891 0.304688 0.296875
0 0.711914 0.337891 0.185547 0.175781
0 0.607422 0.515625 0.160156 0.171875
0 0.425781 0.536133 0.218750 0.220703
0 0.487305 0.658203 0.240234 0.144531
0 0.505859 0.795898 0.253906 0.216797
0 0.812500 0.714844 0.109375 0.125000
0 0.858398 0.854492 0.076172 0.099609
0 0.301758 0.901367 0.083984 0.080078
0 0.513672 0.946289 0.136719 0.103516
0 0.336914 0.989258 0.240234 0.021484
0 0.871094 0.973633 0.136719 0.052734
0 0.132812 0.382812 0.042969 0.039062
0 0.146484 0.416016 0.042969 0.035156