0 0.107422 0.035156 0.105469 0.070312
0 0.040039 0.015625 0.044922 0.031250
0 0.537109 0.045898 0.132812 0.091797
0 0.748047 0.030273 0.113281 0.060547
0 0.594727 0.234375 0.138672 0.140625
0 0.780273 0.154297 0.123047 0.144531
0 0.609375 0.404297 0.101562 0.089844
0 0.627930 0.482422 0.123047 0.109375
0 0.541992 0.513672 0.037109 0.046875
0 0.633789 0.571289 0.044922 0.048828
0 0.565430 0.624023 0.037109 0.029297
0 0.914062 0.618164 0.097656 0.111328
0 0.877930 0.765625 0.083984 0.089844
0 0.886719 0.860352 0.070312 0.080078
0 0.967773 0.828125 0.064453 0.144531
0 0.213867 0.563477 0.064453 0.056641
0 0.156250 0.683594 0.066406 0.035156
0 0.213867 0.678711 0.044922 0.048828
0 0.690430 0.957031 0.134766 0.085938
0 0.730469 0.944336 0.250000 0.111328