0 0.040039 0.828125 0.080078 0.144531
0 0.222656 0.869141 0.070312 0.050781
0 0.325195 0.878906 0.099609 0.109375
0 0.406250 0.878906 0.078125 0.085938
0 0.227539 0.531250 0.037109 0.035156
0 0.228516 0.575195 0.046875 0.060547
0 0.303711 0.543945 0.119141 0.107422
0 0.365234 0.566406 0.062500 0.042969
0 0.512695 0.433594 0.099609 0.117188
0 0.428711 0.379883 0.048828 0.044922
0 0.682617 0.380859 0.083984 0.085938
0 0.443359 0.155273 0.167969 0.130859
0 0.571289 0.102539 0.080078 0.080078
0 0.627930 0.138672 0.091797 0.105469
0 0.710938 0.092773 0.156250 0.123047
0 0.585938 0.651367 0.078125 0.087891