0 0.263672 0.242188 0.125000 0.148438
0 0.354492 0.279297 0.134766 0.167969
0 0.434570 0.255859 0.052734 0.054688
0 0.435547 0.352539 0.046875 0.041016
0 0.444336 0.412109 0.041016 0.039062
0 0.449219 0.456055 0.039062 0.044922
0 0.650391 0.395508 0.039062 0.044922
0 0.613281 0.292969 0.089844 0.093750
0 0.590820 0.241211 0.044922 0.037109
0 0.821289 0.319336 0.048828 0.052734
0 0.826172 0.214844 0.035156 0.050781
0 0.831055 0.373047 0.048828 0.058594
0 0.699219 0.974609 0.097656 0.050781
0 0.650391 0.450195 0.050781 0.068359
0 0.664062 0.510742 0.050781 0.056641
0 0.577148 0.573242 0.107422 0.091797
0 0.444336 0.505859 0.044922 0.042969
0 0.095703 0.968750 0.058594 0.039062
0 0.215820 0.984375 0.291016 0.031250
0 0.364258 0.991211 0.126953 0.017578
0 0.521484 0.990234 0.148438 0.019531