0 0.212891 0.048828 0.097656 0.097656
0 0.420898 0.039062 0.130859 0.078125
0 0.582031 0.238281 0.097656 0.136719
0 0.466797 0.358398 0.148438 0.150391
0 0.271484 0.431641 0.140625 0.191406
0 0.242188 0.524414 0.050781 0.044922
0 0.256836 0.563477 0.076172 0.052734
0 0.481445 0.637695 0.197266 0.244141
0 0.651367 0.728516 0.041016 0.054688
0 0.731445 0.875977 0.236328 0.181641
0 0.896484 0.833984 0.175781 0.171875
0 0.944336 0.862305 0.111328 0.236328
0 0.958008 0.955078 0.083984 0.089844
0 0.218750 0.121094 0.066406 0.058594
0 0.055664 0.872070 0.080078 0.044922