0 0.547852 0.101562 0.138672 0.164062
0 0.336914 0.087891 0.240234 0.175781
0 0.871094 0.051758 0.136719 0.103516
0 0.949219 0.182617 0.035156 0.037109
0 0.958008 0.245117 0.044922 0.091797
0 0.963867 0.366211 0.072266 0.103516
0 0.598633 0.368164 0.041016 0.041016
0 0.308594 0.527344 0.066406 0.066406
0 0.315430 0.603516 0.080078 0.078125
0 0.361328 0.555664 0.082031 0.095703
0 0.237305 0.203125 0.130859 0.109375
0 0.991211 0.669922 0.017578 0.097656
0 0.984375 0.732422 0.031250 0.085938
0 0.960938 0.826172 0.078125 0.144531
0 0.865234 0.856445 0.125000 0.146484
0 0.788086 0.853516 0.126953 0.152344
0 0.449219 0.839844 0.027344 0.035156
0 0.348633 0.867188 0.029297 0.035156