0 0.073242 0.036133 0.146484 0.072266
0 0.660156 0.005859 0.023438 0.011719
0 0.555664 0.129883 0.103516 0.095703
0 0.146484 0.111328 0.074219 0.070312
0 0.069336 0.177734 0.099609 0.156250
0 0.015625 0.144531 0.031250 0.089844
0 0.127930 0.555664 0.142578 0.126953
0 0.315430 0.615234 0.056641 0.066406
0 0.462891 0.619141 0.085938 0.082031
0 0.471680 0.530273 0.068359 0.072266
0 0.611328 0.608398 0.054688 0.044922
0 0.732422 0.625000 0.039062 0.046875
0 0.788086 0.623047 0.044922 0.078125
0 0.891602 0.092773 0.072266 0.072266
0 0.821289 0.838867 0.044922 0.037109
0 0.469727 0.961914 0.021484 0.029297
0 0.785156 0.919922 0.062500 0.097656
0 0.835938 0.998047 0.066406 0.003906