0 0.491211 0.062500 0.068359 0.070312
0 0.189453 0.208008 0.035156 0.033203
0 0.521484 0.276367 0.035156 0.037109
0 0.733398 0.290039 0.216797 0.314453
0 0.969727 0.062500 0.060547 0.101562
0 0.987305 0.483398 0.025391 0.322266
0 0.976562 0.232422 0.046875 0.039062
0 0.057617 0.608398 0.025391 0.025391
0 0.098633 0.606445 0.021484 0.021484
0 0.125977 0.602539 0.025391 0.029297
0 0.160156 0.606445 0.027344 0.025391
0 0.195312 0.666992 0.042969 0.056641
0 0.220703 0.591797 0.074219 0.066406
0 0.094727 0.664062 0.041016 0.042969
0 0.015625 0.667969 0.031250 0.050781
0 0.072266 0.849609 0.144531 0.160156
0 0.205078 0.875000 0.128906 0.207031
0 0.468750 0.814453 0.085938 0.093750
0 0.553711 0.814453 0.072266 0.078125
0 0.616211 0.894531 0.072266 0.078125
0 0.628906 0.973633 0.082031 0.052734
0 0.555664 0.492188 0.025391 0.035156
0 0.760742 0.647461 0.205078 0.240234
0 0.924805 0.661133 0.087891 0.080078
0 0.819336 0.859375 0.279297 0.281250
0 0.995117 0.694336 0.009766 0.080078