0 0.628906 0.018555 0.082031 0.037109
0 0.819336 0.036133 0.279297 0.072266
0 0.872070 0.320312 0.255859 0.300781
0 0.662109 0.148438 0.089844 0.101562
0 0.684570 0.293945 0.095703 0.103516
0 0.608398 0.159180 0.025391 0.029297
0 0.614258 0.212891 0.029297 0.027344
0 0.577148 0.161133 0.025391 0.037109
0 0.073242 0.589844 0.146484 0.328125
0 0.285156 0.538086 0.187500 0.212891
0 0.169922 0.836914 0.078125 0.080078
0 0.105469 0.914062 0.171875 0.171875
0 0.139648 0.931641 0.080078 0.078125
0 0.212891 0.954102 0.078125 0.052734