0 0.659180 0.207031 0.044922 0.054688
0 0.674805 0.104492 0.052734 0.048828
0 0.147461 0.125977 0.103516 0.091797
0 0.392578 0.320312 0.050781 0.054688
0 0.333008 0.321289 0.048828 0.068359
0 0.021484 0.152344 0.042969 0.128906
0 0.195312 0.361328 0.105469 0.105469
0 0.309570 0.379883 0.123047 0.142578
0 0.347656 0.469727 0.171875 0.162109
0 0.025391 0.832031 0.050781 0.082031
0 0.044922 0.728516 0.089844 0.070312
0 0.065430 0.783203 0.072266 0.117188
0 0.108398 0.796875 0.091797 0.132812
0 0.284180 0.787109 0.056641 0.066406
0 0.351562 0.774414 0.082031 0.095703
0 0.500977 0.797852 0.111328 0.166016
0 0.710938 0.846680 0.089844 0.068359
0 0.720703 0.930664 0.085938 0.080078
0 0.828125 0.895508 0.039062 0.056641
0 0.567383 0.948242 0.189453 0.103516
0 0.684570 0.670898 0.048828 0.056641