0 0.989258 0.167969 0.021484 0.335938
0 0.886719 0.526367 0.226562 0.318359
0 0.183594 0.140625 0.070312 0.070312
0 0.681641 0.644531 0.183594 0.171875
0 0.488281 0.338867 0.050781 0.052734
0 0.442383 0.616211 0.263672 0.251953
0 0.981445 0.715820 0.037109 0.166016
0 0.513672 0.882812 0.226562 0.191406
0 0.534180 0.718750 0.095703 0.101562
0 0.306641 0.763672 0.117188 0.121094
0 0.208984 0.683594 0.042969 0.066406
0 0.199219 0.550781 0.074219 0.089844
0 0.091797 0.841797 0.148438 0.132812
0 0.214844 0.819336 0.128906 0.142578
0 0.182617 0.914062 0.115234 0.109375
0 0.326172 0.909180 0.125000 0.150391
0 0.002930 0.896484 0.005859 0.101562
0 0.050781 0.971680 0.050781 0.056641
0 0.149414 0.203125 0.060547 0.050781
0 0.096680 0.258789 0.056641 0.052734