0 0.867188 0.195312 0.117188 0.113281
0 0.912109 0.332031 0.175781 0.207031
0 0.652344 0.333984 0.382812 0.335938
0 0.554688 0.507812 0.320312 0.214844
0 0.610352 0.653320 0.068359 0.072266
0 0.718750 0.754883 0.101562 0.107422
0 0.270508 0.167969 0.541016 0.335938
0 0.222656 0.468750 0.105469 0.101562
0 0.030273 0.526367 0.060547 0.318359
0 0.068359 0.715820 0.136719 0.166016
0 0.278320 0.767578 0.083984 0.125000
0 0.380859 0.736328 0.125000 0.109375
0 0.341797 0.784180 0.089844 0.080078
0 0.312500 0.828125 0.070312 0.089844
0 0.419922 0.931641 0.265625 0.136719