0 0.419922 0.099609 0.265625 0.199219
0 0.810547 0.205078 0.050781 0.070312
0 0.917969 0.459961 0.164062 0.205078
0 0.804688 0.491211 0.070312 0.080078
0 0.918945 0.711914 0.162109 0.345703
0 0.661133 0.823242 0.083984 0.076172
0 0.517578 0.267578 0.074219 0.062500
0 0.560547 0.453125 0.101562 0.066406
0 0.422852 0.237305 0.142578 0.119141
0 0.262695 0.257812 0.099609 0.085938
0 0.238281 0.414062 0.136719 0.160156
0 0.141602 0.316406 0.083984 0.070312
0 0.131836 0.430664 0.041016 0.048828
0 0.153320 0.629883 0.095703 0.119141
0 0.057617 0.633789 0.083984 0.060547
0 0.010742 0.940430 0.021484 0.044922
0 0.247070 0.897461 0.134766 0.205078
0 0.365234 0.864258 0.171875 0.185547
0 0.518555 0.838867 0.138672 0.134766
0 0.499023 0.959961 0.080078 0.080078
0 0.393555 0.562500 0.173828 0.152344
0 0.505859 0.536133 0.261719 0.119141
0 0.426758 0.459961 0.083984 0.056641