0 0.110352 0.058594 0.095703 0.117188
0 0.315430 0.041016 0.099609 0.082031
0 0.397461 0.061523 0.130859 0.103516
0 0.360352 0.173828 0.115234 0.105469
0 0.527344 0.226562 0.093750 0.058594
0 0.521484 0.289062 0.109375 0.082031
0 0.536133 0.377930 0.115234 0.099609
0 0.508789 0.447266 0.080078 0.074219
0 0.528320 0.535156 0.064453 0.070312
0 0.751953 0.167969 0.089844 0.113281
0 0.903320 0.236328 0.130859 0.097656
0 0.939453 0.197266 0.121094 0.089844
0 0.916992 0.991211 0.064453 0.017578
0 0.902344 0.954102 0.070312 0.083984
0 0.669922 0.954102 0.222656 0.091797
0 0.755859 0.649414 0.031250 0.033203
0 0.823242 0.631836 0.041016 0.041016
0 0.694336 0.718750 0.048828 0.046875
0 0.790039 0.701172 0.044922 0.042969
0 0.239258 0.703125 0.091797 0.089844
0 0.193359 0.708984 0.070312 0.078125
0 0.327148 0.801758 0.048828 0.037109
0 0.432617 0.784180 0.041016 0.056641
0 0.151367 0.829102 0.044922 0.052734
0 0.056641 0.718750 0.113281 0.156250
0 0.056641 0.836914 0.089844 0.091797