0 0.185547 0.087891 0.183594 0.175781
0 0.472656 0.085938 0.042969 0.050781
0 0.252930 0.357422 0.044922 0.035156
0 0.290039 0.313477 0.072266 0.060547
0 0.171875 0.392578 0.070312 0.070312
0 0.322266 0.374023 0.062500 0.052734
0 0.458008 0.312500 0.060547 0.054688
0 0.575195 0.042969 0.072266 0.085938
0 0.705078 0.368164 0.117188 0.095703
0 0.611328 0.023438 0.074219 0.046875
0 0.672852 0.017578 0.107422 0.035156
0 0.621094 0.132812 0.074219 0.105469
0 0.667969 0.125977 0.101562 0.134766
0 0.949219 0.468750 0.101562 0.074219
0 0.612305 0.553711 0.076172 0.087891
0 0.708008 0.661133 0.291016 0.169922
0 0.335938 0.603516 0.105469 0.117188
0 0.416992 0.705078 0.130859 0.125000
0 0.361328 0.830078 0.125000 0.093750
0 0.743164 0.811523 0.212891 0.177734
0 0.931641 0.979492 0.136719 0.041016
0 0.668945 0.966797 0.361328 0.066406
0 0.152344 0.965820 0.121094 0.068359