0 0.372070 0.637695 0.068359 0.080078
0 0.438477 0.665039 0.076172 0.072266
0 0.301758 0.629883 0.076172 0.099609
0 0.561523 0.636719 0.037109 0.105469
0 0.342773 0.777344 0.095703 0.121094
0 0.584961 0.797852 0.044922 0.064453
0 0.639648 0.810547 0.072266 0.136719
0 0.219727 0.944336 0.076172 0.064453
0 0.263672 0.978516 0.156250 0.042969
0 0.609375 0.958008 0.054688 0.056641
0 0.764648 0.027344 0.146484 0.054688
0 0.813477 0.100586 0.154297 0.095703
0 0.829102 0.196289 0.158203 0.126953
0 0.841797 0.379883 0.128906 0.119141
0 0.847656 0.280273 0.152344 0.080078
0 0.992188 0.377930 0.015625 0.193359
0 0.939453 0.458008 0.121094 0.142578
0 0.931641 0.931641 0.136719 0.136719