0 0.429688 0.027344 0.105469 0.054688
0 0.496094 0.032227 0.074219 0.064453
0 0.541992 0.034180 0.099609 0.068359
0 0.296875 0.104492 0.125000 0.115234
0 0.360352 0.145508 0.080078 0.099609
0 0.306641 0.202148 0.101562 0.095703
0 0.428711 0.198242 0.134766 0.130859
0 0.486328 0.249023 0.136719 0.111328
0 0.530273 0.112305 0.083984 0.095703
0 0.647461 0.181641 0.095703 0.093750
0 0.865234 0.192383 0.050781 0.048828
0 0.005859 0.267578 0.011719 0.125000
0 0.001953 0.344727 0.003906 0.068359
0 0.057617 0.392578 0.115234 0.144531
0 0.362305 0.675781 0.091797 0.093750
0 0.452148 0.710938 0.095703 0.085938
0 0.555664 0.538086 0.115234 0.115234
0 0.554688 0.755859 0.066406 0.058594
0 0.729492 0.568359 0.216797 0.191406
0 0.735352 0.679688 0.189453 0.164062
0 0.657227 0.732422 0.103516 0.101562
0 0.673828 0.979492 0.230469 0.041016
0 0.379883 0.978516 0.158203 0.042969
0 0.113281 0.087891 0.226562 0.175781