0 0.884766 0.139648 0.140625 0.134766
0 0.692383 0.155273 0.064453 0.064453
0 0.739258 0.119141 0.076172 0.058594
0 0.675781 0.221680 0.089844 0.083984
0 0.823242 0.328125 0.056641 0.054688
0 0.661133 0.043945 0.130859 0.087891
0 0.371094 0.176758 0.113281 0.087891
0 0.334961 0.247070 0.115234 0.103516
0 0.272461 0.379883 0.154297 0.169922
0 0.160156 0.365234 0.101562 0.093750
0 0.220703 0.663086 0.082031 0.103516
0 0.357422 0.615234 0.070312 0.093750
0 0.440430 0.613281 0.052734 0.070312
0 0.683594 0.415039 0.074219 0.076172
0 0.710938 0.465820 0.027344 0.025391
0 0.795898 0.613281 0.068359 0.050781
0 0.853516 0.724609 0.070312 0.074219
0 0.503906 0.998047 0.054688 0.003906
0 0.277344 0.971680 0.089844 0.056641
0 0.154297 0.991211 0.089844 0.017578