0 0.875000 0.039062 0.250000 0.078125
0 0.873047 0.100586 0.253906 0.201172
0 0.773438 0.245117 0.070312 0.060547
0 0.899414 0.243164 0.201172 0.244141
0 0.780273 0.500000 0.251953 0.199219
0 0.964844 0.563477 0.046875 0.041016
0 0.258789 0.492188 0.056641 0.042969
0 0.207031 0.577148 0.070312 0.056641
0 0.103516 0.296875 0.101562 0.089844
0 0.056641 0.342773 0.105469 0.123047
0 0.931641 0.729492 0.136719 0.220703
0 0.478516 0.978516 0.058594 0.042969
0 0.646484 0.962891 0.035156 0.027344
0 0.938477 0.879883 0.123047 0.240234
0 0.312500 0.993164 0.054688 0.013672
0 0.124023 0.995117 0.095703 0.009766