0 0.553711 0.065430 0.091797 0.130859
0 0.170898 0.020508 0.087891 0.041016
0 0.210938 0.150391 0.097656 0.113281
0 0.619141 0.569336 0.222656 0.212891
0 0.784180 0.397461 0.189453 0.111328
0 0.913086 0.369141 0.072266 0.078125
0 0.809570 0.529297 0.189453 0.152344
0 0.942383 0.508789 0.115234 0.201172
0 0.973633 0.363281 0.052734 0.109375
0 0.798828 0.990234 0.144531 0.019531
0 0.683594 0.739258 0.070312 0.076172
0 0.575195 0.837891 0.123047 0.140625
0 0.570312 0.960938 0.156250 0.078125
0 0.317383 0.803711 0.087891 0.087891
0 0.024414 0.710938 0.048828 0.058594