0 0.989258 0.084961 0.021484 0.083984
0 0.858398 0.135742 0.134766 0.068359
0 0.649414 0.035156 0.068359 0.070312
0 0.671875 0.091797 0.074219 0.070312
0 0.116211 0.025391 0.119141 0.050781
0 0.016602 0.032227 0.033203 0.064453
0 0.024414 0.137695 0.048828 0.060547
0 0.094727 0.098633 0.083984 0.080078
0 0.171875 0.128906 0.042969 0.050781
0 0.179688 0.220703 0.046875 0.050781
0 0.977539 0.808594 0.044922 0.105469
0 0.728516 0.710938 0.070312 0.082031
0 0.629883 0.702148 0.091797 0.083984
0 0.545898 0.723633 0.064453 0.056641
0 0.563477 0.789062 0.068359 0.058594
0 0.743164 0.772461 0.056641 0.060547
0 0.818359 0.909180 0.058594 0.048828
0 0.636719 0.904297 0.066406 0.050781
0 0.507812 0.921875 0.226562 0.156250
0 0.282227 0.955078 0.142578 0.089844
0 0.172852 0.966797 0.095703 0.066406
0 0.092773 0.836914 0.091797 0.080078
0 0.087891 0.974609 0.109375 0.050781