0 0.390625 0.125977 0.054688 0.044922
0 0.398438 0.210938 0.109375 0.097656
0 0.416016 0.330078 0.113281 0.121094
0 0.986328 0.513672 0.027344 0.101562
0 0.439453 0.555664 0.144531 0.154297
0 0.458008 0.662109 0.138672 0.164062
0 0.952148 0.616211 0.095703 0.197266
0 0.868164 0.701172 0.263672 0.308594
0 0.774414 0.742188 0.146484 0.144531
0 0.883789 0.973633 0.232422 0.052734
0 0.991211 0.974609 0.017578 0.050781
0 0.156250 0.028320 0.050781 0.048828
0 0.045898 0.084961 0.091797 0.083984
0 0.166992 0.760742 0.064453 0.064453
0 0.102539 0.766602 0.056641 0.064453
0 0.039062 0.808594 0.078125 0.105469
0 0.223633 0.830078 0.056641 0.074219
0 0.131836 0.812500 0.052734 0.046875
0 0.157227 0.864258 0.056641 0.064453