0 0.982422 0.056641 0.035156 0.089844
0 0.856445 0.078125 0.095703 0.082031
0 0.503906 0.027344 0.054688 0.054688
0 0.483398 0.083008 0.080078 0.068359
0 0.715820 0.113281 0.037109 0.042969
0 0.613281 0.134766 0.042969 0.039062
0 0.247070 0.056641 0.083984 0.085938
0 0.277344 0.013672 0.089844 0.027344
0 0.154297 0.041016 0.089844 0.082031
0 0.349609 0.199219 0.199219 0.250000
0 0.801758 0.369141 0.083984 0.089844
0 0.727539 0.488281 0.044922 0.046875
0 0.656250 0.513672 0.078125 0.074219
0 0.795898 0.662109 0.029297 0.039062
0 0.447266 0.628906 0.074219 0.070312
0 0.292969 0.545898 0.140625 0.126953
0 0.185547 0.563477 0.125000 0.166016
0 0.013672 0.676758 0.027344 0.123047
0 0.379883 0.732422 0.091797 0.105469
0 0.475586 0.722656 0.072266 0.089844
0 0.395508 0.813477 0.087891 0.076172
0 0.411133 0.893555 0.083984 0.091797
0 0.502930 0.929688 0.080078 0.101562
0 0.488281 0.834961 0.082031 0.095703
0 0.075195 0.925781 0.076172 0.066406