0 0.105469 0.047852 0.210938 0.095703
0 0.292969 0.018555 0.140625 0.037109
0 0.080078 0.163086 0.160156 0.173828
0 0.354492 0.208984 0.291016 0.269531
0 0.526367 0.323242 0.099609 0.142578
0 0.029297 0.557617 0.058594 0.419922
0 0.070312 0.396484 0.140625 0.167969
0 0.242188 0.413086 0.253906 0.228516
0 0.190430 0.558594 0.146484 0.125000
0 0.413086 0.628906 0.162109 0.152344
0 0.538086 0.633789 0.091797 0.107422
0 0.479492 0.416016 0.083984 0.089844
0 0.464844 0.513672 0.070312 0.062500
0 0.936523 0.353516 0.126953 0.226562
0 0.992188 0.791016 0.015625 0.214844
0 0.866211 0.848633 0.259766 0.255859
0 0.402344 0.916992 0.167969 0.142578
0 0.011719 0.869141 0.023438 0.160156
0 0.114258 0.975586 0.228516 0.048828