0 0.032227 0.022461 0.064453 0.044922
0 0.725586 0.033203 0.134766 0.066406
0 0.700195 0.110352 0.134766 0.134766
0 0.629883 0.029297 0.119141 0.058594
0 0.990234 0.146484 0.019531 0.074219
0 0.846680 0.155273 0.115234 0.080078
0 0.045898 0.323242 0.091797 0.224609
0 0.056641 0.525391 0.113281 0.234375
0 0.217773 0.116211 0.267578 0.232422
0 0.269531 0.452148 0.164062 0.154297
0 0.926758 0.783203 0.146484 0.265625
0 0.891602 0.625000 0.083984 0.078125
0 0.956055 0.625000 0.052734 0.058594
0 0.971680 0.648438 0.056641 0.082031
0 0.940430 0.660156 0.072266 0.082031
0 0.981445 0.607422 0.037109 0.121094
0 0.980469 0.958008 0.039062 0.083984
0 0.313477 0.821289 0.162109 0.189453
0 0.070312 0.745117 0.140625 0.212891
0 0.334961 0.942383 0.115234 0.115234
0 0.405273 0.829102 0.072266 0.107422