0 0.166016 0.121094 0.039062 0.039062
0 0.086914 0.129883 0.044922 0.044922
0 0.029297 0.146484 0.058594 0.074219
0 0.296875 0.071289 0.101562 0.130859
0 0.512695 0.217773 0.236328 0.244141
0 0.513672 0.383789 0.246094 0.181641
0 0.547852 0.527344 0.248047 0.164062
0 0.931641 0.124023 0.136719 0.208984
0 0.942383 0.225586 0.115234 0.103516
0 0.990234 0.270508 0.019531 0.150391
0 0.874023 0.277344 0.166016 0.128906
0 0.938477 0.362305 0.123047 0.146484
0 0.836914 0.761719 0.130859 0.183594
0 0.584961 0.703125 0.337891 0.285156
0 0.120117 0.656250 0.095703 0.101562
0 0.139648 0.775391 0.142578 0.164062
0 0.062500 0.783203 0.125000 0.265625
0 0.011719 0.648438 0.023438 0.082031
0 0.035156 0.607422 0.070312 0.121094
0 0.069336 0.958008 0.138672 0.083984