0 0.028320 0.124023 0.056641 0.208984
0 0.015625 0.225586 0.031250 0.103516
0 0.065430 0.270508 0.130859 0.150391
0 0.012695 0.362305 0.025391 0.146484
0 0.156250 0.532227 0.074219 0.076172
0 0.341797 0.193359 0.070312 0.078125
0 0.422852 0.066406 0.056641 0.078125
0 0.833984 0.955078 0.277344 0.089844
0 0.952148 0.995117 0.095703 0.009766
0 0.188477 0.760742 0.099609 0.099609
0 0.289062 0.848633 0.089844 0.103516
0 0.237305 0.768555 0.048828 0.052734
0 0.151367 0.863281 0.072266 0.062500
0 0.210938 0.854492 0.050781 0.052734