0 0.439453 0.052734 0.312500 0.105469
0 0.179688 0.116211 0.058594 0.052734
0 0.466797 0.202148 0.187500 0.142578
0 0.497070 0.465820 0.072266 0.072266
0 0.574219 0.533203 0.085938 0.070312
0 0.565430 0.593750 0.044922 0.054688
0 0.667969 0.624023 0.121094 0.115234
0 0.594727 0.676758 0.037109 0.044922
0 0.991211 0.498047 0.017578 0.054688
0 0.965820 0.798828 0.068359 0.140625
0 0.670898 0.847656 0.138672 0.105469
0 0.884766 0.958008 0.117188 0.083984
0 0.346680 0.818359 0.130859 0.128906
0 0.287109 0.637695 0.179688 0.142578
0 0.283203 0.913086 0.203125 0.150391
0 0.121094 0.945312 0.175781 0.109375
0 0.047852 0.995117 0.095703 0.009766
0 0.288086 0.977539 0.291016 0.044922