0 0.955078 0.032227 0.089844 0.064453
0 0.729492 0.004883 0.103516 0.009766
0 0.818359 0.103516 0.082031 0.089844
0 0.594727 0.034180 0.111328 0.068359
0 0.021484 0.498047 0.042969 0.054688
0 0.080078 0.500977 0.101562 0.072266
0 0.166016 0.499023 0.140625 0.091797
0 0.029297 0.652344 0.050781 0.070312
0 0.071289 0.798828 0.142578 0.140625
0 0.199219 0.775391 0.160156 0.125000
0 0.275391 0.629883 0.093750 0.119141
0 0.399414 0.759766 0.138672 0.121094
0 0.419922 0.029297 0.085938 0.058594
0 0.983398 0.316406 0.033203 0.117188
0 0.840820 0.243164 0.044922 0.052734
0 0.985352 0.490234 0.029297 0.164062
0 0.915039 0.587891 0.103516 0.121094
0 0.785156 0.694336 0.082031 0.064453
0 0.484375 0.960938 0.183594 0.078125
0 0.635742 0.951172 0.205078 0.097656
0 0.773438 0.999023 0.062500 0.001953
0 0.929688 0.935547 0.109375 0.128906
0 0.992188 0.942383 0.015625 0.115234