0 0.002930 0.032227 0.005859 0.064453
0 0.270508 0.129883 0.146484 0.123047
0 0.359375 0.107422 0.042969 0.054688
0 0.543945 0.139648 0.087891 0.076172
0 0.434570 0.202148 0.095703 0.103516
0 0.368164 0.271484 0.091797 0.085938
0 0.043945 0.316406 0.087891 0.117188
0 0.068359 0.490234 0.136719 0.164062
0 0.458008 0.333008 0.064453 0.060547
0 0.458008 0.388672 0.072266 0.062500
0 0.477539 0.433594 0.044922 0.039062
0 0.922852 0.584961 0.130859 0.166016
0 0.939453 0.754883 0.066406 0.064453
0 0.363281 0.538086 0.085938 0.068359
0 0.175781 0.635742 0.101562 0.095703
0 0.093750 0.942383 0.187500 0.115234
0 0.730469 0.955078 0.046875 0.050781
0 0.904297 0.918945 0.027344 0.025391