0 0.935547 0.073242 0.066406 0.060547
0 0.059570 0.403320 0.119141 0.189453
0 0.148438 0.314453 0.226562 0.203125
0 0.092773 0.170898 0.130859 0.087891
0 0.231445 0.176758 0.162109 0.177734
0 0.115234 0.523438 0.117188 0.113281
0 0.127930 0.619141 0.111328 0.105469
0 0.148438 0.735352 0.156250 0.158203
0 0.230469 0.485352 0.109375 0.119141
0 0.254883 0.572266 0.083984 0.089844
0 0.259766 0.653320 0.121094 0.099609
0 0.280273 0.760742 0.115234 0.119141
0 0.099609 0.864258 0.082031 0.091797
0 0.168945 0.855469 0.115234 0.105469
0 0.487305 0.650391 0.220703 0.214844
0 0.551758 0.835938 0.169922 0.089844
0 0.934570 0.454102 0.130859 0.072266
0 0.717773 0.623047 0.072266 0.070312
0 0.967773 0.319336 0.064453 0.091797
0 0.765625 0.762695 0.210938 0.115234
0 0.238281 0.961914 0.093750 0.076172
0 0.187500 0.965820 0.085938 0.068359
0 0.128906 0.971680 0.089844 0.056641