0 0.833984 0.054688 0.277344 0.109375
0 0.952148 0.070312 0.095703 0.140625
0 0.210938 0.265625 0.343750 0.320312
0 0.059570 0.454102 0.119141 0.259766
0 0.032227 0.651367 0.064453 0.103516
0 0.118164 0.628906 0.095703 0.093750
0 0.201172 0.615234 0.062500 0.070312
0 0.043945 0.730469 0.087891 0.070312
0 0.064453 0.798828 0.128906 0.136719
0 0.621094 0.180664 0.214844 0.208984
0 0.717773 0.528320 0.115234 0.177734
0 0.840820 0.155273 0.111328 0.107422
0 0.972656 0.171875 0.054688 0.191406
0 0.729492 0.644531 0.103516 0.093750
0 0.743164 0.721680 0.107422 0.107422
0 0.755859 0.807617 0.117188 0.111328
0 0.932617 0.745117 0.060547 0.072266
0 0.466797 0.783203 0.156250 0.167969
0 0.319336 0.811523 0.162109 0.162109
0 0.295898 0.954102 0.181641 0.091797