0 0.919922 0.083008 0.160156 0.166016
0 0.973633 0.197266 0.052734 0.082031
0 0.153320 0.247070 0.080078 0.087891
0 0.046875 0.376953 0.058594 0.066406
0 0.025391 0.315430 0.050781 0.072266
0 0.074219 0.421875 0.082031 0.093750
0 0.018555 0.477539 0.037109 0.083984
0 0.269531 0.457031 0.039062 0.042969
0 0.314453 0.454102 0.042969 0.044922
0 0.618164 0.423828 0.111328 0.078125
0 0.929688 0.343750 0.140625 0.222656
0 0.729492 0.452148 0.083984 0.087891
0 0.790039 0.693359 0.326172 0.390625
0 0.710938 0.905273 0.042969 0.037109
0 0.641602 0.925781 0.052734 0.046875
0 0.579102 0.945312 0.095703 0.066406
0 0.627930 0.988281 0.060547 0.023438