0 0.034180 0.144531 0.068359 0.054688
0 0.124023 0.024414 0.033203 0.048828
0 0.157227 0.178711 0.095703 0.134766
0 0.092773 0.192383 0.099609 0.123047
0 0.141602 0.341797 0.158203 0.160156
0 0.070312 0.259766 0.058594 0.085938
0 0.365234 0.144531 0.246094 0.281250
0 0.239258 0.215820 0.080078 0.123047
0 0.285156 0.271484 0.121094 0.113281
0 0.289062 0.375977 0.136719 0.099609
0 0.317383 0.416016 0.072266 0.082031
0 0.459961 0.478516 0.177734 0.273438
0 0.530273 0.235352 0.072266 0.068359
0 0.620117 0.158203 0.083984 0.101562
0 0.722656 0.159180 0.128906 0.134766
0 0.787109 0.110352 0.105469 0.111328
0 0.858398 0.097656 0.048828 0.070312
0 0.873047 0.404297 0.062500 0.050781
0 0.981445 0.534180 0.037109 0.068359
0 0.875000 0.627930 0.187500 0.185547
0 0.775391 0.692383 0.187500 0.189453
0 0.791992 0.545898 0.087891 0.072266
0 0.779297 0.454102 0.152344 0.111328
0 0.502930 0.729492 0.091797 0.087891
0 0.397461 0.748047 0.056641 0.058594
0 0.433594 0.689453 0.046875 0.042969
0 0.497070 0.657227 0.083984 0.060547
0 0.516602 0.791016 0.064453 0.062500
0 0.532227 0.861328 0.083984 0.085938
0 0.572266 0.657227 0.054688 0.052734
0 0.582031 0.704102 0.039062 0.052734
0 0.178711 0.964844 0.275391 0.070312
0 0.693359 0.978516 0.062500 0.042969