0 0.979492 0.004883 0.041016 0.009766
0 0.184570 0.412109 0.115234 0.148438
0 0.248047 0.063477 0.109375 0.119141
0 0.162109 0.114258 0.117188 0.130859
0 0.293945 0.149414 0.126953 0.146484
0 0.251953 0.254883 0.101562 0.130859
0 0.464844 0.124023 0.179688 0.193359
0 0.372070 0.180664 0.123047 0.138672
0 0.381836 0.066406 0.099609 0.097656
0 0.395508 0.266602 0.080078 0.083984
0 0.346680 0.341797 0.068359 0.066406
0 0.392578 0.401367 0.203125 0.173828
0 0.459961 0.303711 0.091797 0.099609
0 0.647461 0.152344 0.099609 0.113281
0 0.700195 0.022461 0.041016 0.041016
0 0.927734 0.729492 0.113281 0.083984
0 0.977539 0.755859 0.044922 0.140625
0 0.941406 0.807617 0.117188 0.119141
0 0.622070 0.841797 0.076172 0.070312
0 0.580078 0.853516 0.070312 0.070312
0 0.633789 0.892578 0.083984 0.062500
0 0.529297 0.889648 0.058594 0.056641
0 0.391602 0.829102 0.072266 0.060547
0 0.430664 0.907227 0.095703 0.119141
0 0.546875 0.946289 0.136719 0.107422
0 0.101562 0.460938 0.070312 0.117188
0 0.041992 0.481445 0.068359 0.080078
0 0.375000 0.585938 0.074219 0.066406
0 0.015625 0.534180 0.031250 0.068359
0 0.304688 0.987305 0.234375 0.025391
0 0.143555 0.965820 0.052734 0.044922
0 0.971680 0.979492 0.056641 0.041016
0 0.876953 0.998047 0.070312 0.003906