0 0.627930 0.011719 0.060547 0.023438
0 0.375000 0.304688 0.058594 0.062500
0 0.510742 0.203125 0.064453 0.054688
0 0.519531 0.168945 0.042969 0.029297
0 0.486328 0.231445 0.054688 0.048828
0 0.455078 0.272461 0.062500 0.060547
0 0.420898 0.317383 0.064453 0.052734
0 0.668945 0.493164 0.205078 0.189453
0 0.587891 0.557617 0.082031 0.087891
0 0.775391 0.323242 0.179688 0.169922
0 0.920898 0.387695 0.158203 0.314453
0 0.598633 0.710938 0.138672 0.160156
0 0.679688 0.768555 0.125000 0.158203
0 0.423828 0.832031 0.226562 0.250000
0 0.739258 0.956055 0.056641 0.056641
0 0.123047 0.832031 0.085938 0.078125
0 0.694336 0.985352 0.068359 0.029297