0 0.608398 0.094727 0.103516 0.119141
0 0.523438 0.466797 0.144531 0.121094
0 0.629883 0.766602 0.103516 0.123047
0 0.580078 0.549805 0.093750 0.091797
0 0.484375 0.561523 0.097656 0.123047
0 0.548828 0.639648 0.097656 0.103516
0 0.269531 0.641602 0.070312 0.060547
0 0.604492 0.675781 0.087891 0.085938
0 0.608398 0.217773 0.041016 0.044922
0 0.018555 0.885742 0.037109 0.228516
0 0.182617 0.984375 0.150391 0.031250
0 0.165039 0.967773 0.076172 0.048828
0 0.276367 0.976562 0.080078 0.046875
0 0.398438 0.960938 0.117188 0.078125
0 0.501953 0.950195 0.105469 0.099609
0 0.547852 0.976562 0.123047 0.046875
0 0.650391 0.893555 0.136719 0.123047