0 0.219727 0.400391 0.205078 0.253906
0 0.375977 0.412109 0.123047 0.152344
0 0.676758 0.178711 0.189453 0.216797
0 0.769531 0.374023 0.058594 0.060547
0 0.854492 0.416992 0.107422 0.095703
0 0.981445 0.609375 0.037109 0.062500
0 0.968750 0.533203 0.062500 0.066406
0 0.441406 0.752930 0.093750 0.087891
0 0.333984 0.798828 0.121094 0.125000
0 0.230469 0.797852 0.066406 0.083984
0 0.137695 0.846680 0.064453 0.087891
0 0.211914 0.972656 0.087891 0.054688
0 0.805664 0.460938 0.080078 0.089844
0 0.838867 0.943359 0.130859 0.113281
0 0.957031 0.898438 0.085938 0.140625
0 0.972656 0.963867 0.054688 0.072266