0 0.303711 0.168945 0.224609 0.193359
0 0.396484 0.115234 0.148438 0.152344
0 0.546875 0.154297 0.187500 0.246094
0 0.552734 0.337891 0.105469 0.101562
0 0.734375 0.360352 0.148438 0.134766
0 0.693359 0.435547 0.105469 0.105469
0 0.692383 0.006836 0.138672 0.013672
0 0.862305 0.226562 0.044922 0.050781
0 0.931641 0.166016 0.136719 0.144531
0 0.845703 0.802734 0.167969 0.113281
0 0.812500 0.914062 0.089844 0.078125
0 0.093750 0.611328 0.097656 0.101562
0 0.015625 0.609375 0.031250 0.062500
0 0.000977 0.533203 0.001953 0.066406
0 0.059570 0.315430 0.056641 0.044922
0 0.010742 0.898438 0.021484 0.140625
0 0.026367 0.963867 0.052734 0.072266
0 0.553711 0.933594 0.107422 0.097656
0 0.579102 0.985352 0.099609 0.029297
0 0.847656 0.965820 0.105469 0.068359