0 0.000977 0.166016 0.001953 0.144531
0 0.122070 0.143555 0.146484 0.150391
0 0.231445 0.138672 0.111328 0.144531
0 0.224609 0.250977 0.160156 0.154297
0 0.346680 0.378906 0.162109 0.152344
0 0.333008 0.206055 0.123047 0.158203
0 0.876953 0.753906 0.121094 0.128906
0 0.963867 0.742188 0.072266 0.136719
0 0.978516 0.726562 0.042969 0.128906
0 0.999023 0.520508 0.001953 0.064453
0 0.566406 0.548828 0.042969 0.042969
0 0.640625 0.588867 0.046875 0.056641
0 0.706055 0.596680 0.029297 0.048828
0 0.666992 0.839844 0.119141 0.109375
0 0.370117 0.534180 0.177734 0.158203
0 0.413086 0.686523 0.166016 0.185547
0 0.156250 0.764648 0.085938 0.060547
0 0.193359 0.837891 0.167969 0.171875
0 0.168945 0.998047 0.123047 0.003906
0 0.989258 0.984375 0.021484 0.031250