0 0.191406 0.418945 0.078125 0.083984
0 0.252930 0.352539 0.083984 0.087891
0 0.323242 0.446289 0.056641 0.060547
0 0.411133 0.395508 0.146484 0.154297
0 0.426758 0.558594 0.048828 0.062500
0 0.315430 0.539062 0.052734 0.054688
0 0.377930 0.548828 0.060547 0.066406
0 0.441406 0.744141 0.187500 0.187500
0 0.372070 0.667969 0.146484 0.121094
0 0.745117 0.834961 0.080078 0.068359
0 0.816406 0.868164 0.046875 0.060547
0 0.760742 0.905273 0.080078 0.076172
0 0.848633 0.909180 0.064453 0.060547
0 0.937500 0.896484 0.058594 0.066406
0 0.321289 0.770508 0.076172 0.083984
0 0.279297 0.860352 0.078125 0.095703
0 0.356445 0.857422 0.091797 0.085938
0 0.434570 0.891602 0.060547 0.037109
0 0.377930 0.908203 0.052734 0.031250
0 0.003906 0.742188 0.007812 0.136719
0 0.031250 0.726562 0.062500 0.128906
0 0.194336 0.534180 0.056641 0.056641
0 0.159180 0.490234 0.044922 0.062500
0 0.109375 0.518555 0.070312 0.044922
0 0.041992 0.520508 0.083984 0.064453
0 0.074219 0.712891 0.085938 0.089844
0 0.036133 0.984375 0.072266 0.031250
0 0.278320 0.990234 0.123047 0.019531
0 0.599609 0.890625 0.046875 0.042969