0 0.196289 0.068359 0.263672 0.136719
0 0.224609 0.197266 0.226562 0.144531
0 0.221680 0.316406 0.236328 0.140625
0 0.383789 0.345703 0.029297 0.027344
0 0.545898 0.251953 0.314453 0.250000
0 0.513672 0.071289 0.132812 0.119141
0 0.484375 0.515625 0.402344 0.359375
0 0.238281 0.464844 0.246094 0.218750
0 0.260742 0.633789 0.126953 0.099609
0 0.951172 0.412109 0.058594 0.046875
0 0.784180 0.986328 0.103516 0.027344
0 0.947266 0.912109 0.105469 0.140625
0 0.868164 0.708008 0.048828 0.044922
0 0.962891 0.685547 0.074219 0.074219
0 0.780273 0.737305 0.087891 0.115234
0 0.897461 0.741211 0.076172 0.056641
0 0.817383 0.833008 0.134766 0.115234
0 0.291992 0.767578 0.166016 0.160156
0 0.538086 0.975586 0.099609 0.048828
0 0.350586 0.976562 0.142578 0.046875