0 0.018555 0.162109 0.037109 0.175781
0 0.011719 0.286133 0.023438 0.068359
0 0.011719 0.373047 0.023438 0.125000
0 0.910156 0.041992 0.179688 0.083984
0 0.958984 0.138672 0.082031 0.187500
0 0.789062 0.251953 0.105469 0.082031
0 0.976562 0.314453 0.046875 0.093750
0 0.958008 0.678711 0.083984 0.201172
0 0.758789 0.477539 0.083984 0.076172
0 0.816406 0.536133 0.089844 0.076172
0 0.635742 0.300781 0.142578 0.121094
0 0.131836 0.625000 0.076172 0.085938
0 0.085938 0.496094 0.039062 0.039062
0 0.008789 0.553711 0.017578 0.099609
0 0.251953 0.916992 0.132812 0.111328
0 0.917969 0.836914 0.164062 0.177734