0 0.018555 0.041992 0.037109 0.083984
0 0.182617 0.084961 0.150391 0.169922
0 0.056641 0.138672 0.113281 0.187500
0 0.020508 0.314453 0.041016 0.093750
0 0.276367 0.013672 0.080078 0.027344
0 0.274414 0.108398 0.115234 0.107422
0 0.127930 0.329102 0.162109 0.146484
0 0.252930 0.284180 0.107422 0.099609
0 0.240234 0.190430 0.128906 0.099609
0 0.144531 0.217773 0.109375 0.083984
0 0.278320 0.447266 0.126953 0.128906
0 0.287109 0.365234 0.125000 0.093750
0 0.376953 0.282227 0.148438 0.134766
0 0.391602 0.123047 0.123047 0.117188
0 0.494141 0.143555 0.125000 0.134766
0 0.602539 0.209961 0.138672 0.154297
0 0.398438 0.018555 0.117188 0.037109
0 0.501953 0.000977 0.105469 0.001953
0 0.547852 0.035156 0.123047 0.070312
0 0.678711 0.068359 0.083984 0.078125
0 0.830078 0.121094 0.066406 0.062500
0 0.861328 0.232422 0.093750 0.085938
0 0.435547 0.676758 0.121094 0.091797
0 0.070312 0.678711 0.140625 0.201172
0 0.051758 0.836914 0.103516 0.177734
0 0.956055 0.816406 0.068359 0.058594
0 0.944336 0.933594 0.111328 0.132812