0 0.026367 0.019531 0.052734 0.039062
0 0.090820 0.246094 0.091797 0.101562
0 0.034180 0.315430 0.068359 0.095703
0 0.082031 0.355469 0.117188 0.117188
0 0.159180 0.454102 0.033203 0.041016
0 0.319336 0.308594 0.060547 0.070312
0 0.372070 0.337891 0.056641 0.074219
0 0.462891 0.276367 0.199219 0.142578
0 0.579102 0.034180 0.099609 0.068359
0 0.615234 0.208984 0.097656 0.097656
0 0.700195 0.209961 0.080078 0.095703
0 0.761719 0.179688 0.089844 0.105469
0 0.778320 0.252930 0.083984 0.095703
0 0.847656 0.036133 0.105469 0.072266
0 0.969727 0.540039 0.060547 0.095703
0 0.802734 0.572266 0.156250 0.156250
0 0.756836 0.689453 0.068359 0.058594
0 0.001953 0.850586 0.003906 0.134766
0 0.893555 0.960938 0.162109 0.078125