0 0.036133 0.022461 0.072266 0.044922
0 0.128906 0.118164 0.117188 0.115234
0 0.122070 0.203125 0.033203 0.042969
0 0.283203 0.161133 0.164062 0.154297
0 0.278320 0.048828 0.123047 0.097656
0 0.553711 0.052734 0.052734 0.058594
0 0.762695 0.070312 0.119141 0.132812
0 0.817383 0.216797 0.048828 0.046875
0 0.700195 0.672852 0.025391 0.025391
0 0.668945 0.846680 0.138672 0.138672
0 0.793945 0.814453 0.126953 0.140625
0 0.374023 0.405273 0.091797 0.091797
0 0.221680 0.607422 0.080078 0.035156
0 0.087891 0.626953 0.039062 0.042969