0 0.586914 0.062500 0.029297 0.031250
0 0.618164 0.244141 0.025391 0.027344
0 0.435547 0.345703 0.085938 0.070312
0 0.868164 0.287109 0.056641 0.066406
0 0.970703 0.609375 0.058594 0.132812
0 0.772461 0.632812 0.076172 0.078125
0 0.665039 0.530273 0.025391 0.025391
0 0.904297 0.798828 0.140625 0.144531
0 0.623047 0.946289 0.046875 0.072266
0 0.557617 0.918945 0.072266 0.076172
0 0.331055 0.961914 0.056641 0.076172
0 0.353516 0.864258 0.066406 0.064453
0 0.458008 0.850586 0.052734 0.052734
0 0.420898 0.667969 0.064453 0.085938
0 0.216797 0.692383 0.156250 0.146484
0 0.107422 0.999023 0.132812 0.001953
0 0.016602 0.912109 0.033203 0.140625
0 0.001953 0.685547 0.003906 0.074219