0 0.031250 0.010742 0.062500 0.021484
0 0.364258 0.244141 0.103516 0.070312
0 0.307617 0.307617 0.115234 0.107422
0 0.562500 0.337891 0.339844 0.324219
0 0.770508 0.208984 0.076172 0.070312
0 0.872070 0.101562 0.052734 0.031250
0 0.627930 0.627930 0.107422 0.072266
0 0.758789 0.628906 0.126953 0.117188
0 0.947266 0.665039 0.105469 0.087891
0 0.815430 0.748047 0.095703 0.105469
0 0.734375 0.782227 0.046875 0.056641
0 0.356445 0.610352 0.115234 0.107422
0 0.235352 0.703125 0.037109 0.039062
0 0.013672 0.678711 0.027344 0.123047
0 0.007812 0.788086 0.015625 0.126953
0 0.073242 0.897461 0.146484 0.205078
0 0.632812 0.940430 0.191406 0.119141
0 0.694336 0.854492 0.048828 0.048828