0 0.404297 0.232422 0.101562 0.144531
0 0.551758 0.141602 0.068359 0.064453
0 0.541016 0.206055 0.113281 0.083984
0 0.586914 0.293945 0.068359 0.087891
0 0.769531 0.055664 0.042969 0.029297
0 0.800781 0.194336 0.042969 0.056641
0 0.591797 0.041992 0.058594 0.064453
0 0.946289 0.065430 0.052734 0.041016
0 0.933594 0.104492 0.046875 0.041016
0 0.982422 0.087891 0.035156 0.046875
0 0.707031 0.609375 0.074219 0.074219
0 0.295898 0.538086 0.099609 0.134766
0 0.037109 0.522461 0.062500 0.068359
0 0.060547 0.573242 0.101562 0.072266
0 0.066406 0.646484 0.105469 0.082031
0 0.076172 0.718750 0.066406 0.093750
0 0.107422 0.860352 0.078125 0.080078
0 0.522461 0.770508 0.103516 0.083984
0 0.636719 0.746094 0.136719 0.117188
0 0.625000 0.817383 0.164062 0.072266
0 0.670898 0.899414 0.087891 0.087891
0 0.780273 0.931641 0.064453 0.062500
0 0.898438 0.822266 0.085938 0.089844
0 0.988281 0.847656 0.023438 0.109375