0 0.073242 0.036133 0.146484 0.072266
0 0.144531 0.236328 0.078125 0.093750
0 0.203125 0.369141 0.062500 0.042969
0 0.480469 0.452148 0.117188 0.091797
0 0.543945 0.439453 0.130859 0.113281
0 0.493164 0.087891 0.064453 0.070312
0 0.632812 0.005859 0.191406 0.011719
0 0.743164 0.040039 0.076172 0.072266
0 0.614258 0.125000 0.123047 0.109375
0 0.714844 0.227539 0.179688 0.181641
0 0.869141 0.196289 0.089844 0.080078
0 0.861328 0.291992 0.125000 0.111328
0 0.948242 0.216797 0.068359 0.062500
0 0.970703 0.479492 0.058594 0.205078
0 0.903320 0.383789 0.064453 0.072266
0 0.881836 0.735352 0.169922 0.173828
0 0.971680 0.924805 0.056641 0.150391
0 0.839844 0.857422 0.113281 0.117188
0 0.370117 0.553711 0.142578 0.142578
0 0.375000 0.660156 0.066406 0.062500