0 0.000977 0.413086 0.001953 0.052734
0 0.164062 0.385742 0.156250 0.146484
0 0.023438 0.523438 0.035156 0.054688
0 0.022461 0.661133 0.044922 0.083984
0 0.231445 0.579102 0.076172 0.107422
0 0.127930 0.776367 0.052734 0.056641
0 0.636719 0.277344 0.042969 0.050781
0 0.882812 0.057617 0.085938 0.107422
0 0.973633 0.598633 0.052734 0.083984
0 0.991211 0.780273 0.017578 0.087891
0 0.483398 0.644531 0.033203 0.035156
0 0.889648 0.610352 0.033203 0.029297
0 0.474609 0.695312 0.039062 0.039062
0 0.570312 0.867188 0.160156 0.164062
0 0.462891 0.889648 0.117188 0.099609
0 0.433594 0.640625 0.027344 0.027344
0 0.216797 0.947266 0.253906 0.105469
0 0.995117 0.963867 0.009766 0.072266