0 0.945578 0.163265 0.068027 0.068027
0 0.421769 0.625850 0.054422 0.054422
0 0.248299 0.734694 0.074830 0.081633
0 0.887755 0.925170 0.224490 0.149660
0 0.581633 0.129252 0.224490 0.244898
0 0.445578 0.044218 0.142857 0.088435
0 0.363946 0.380952 0.156463 0.190476
0 0.227891 0.156463 0.156463 0.163265
0 0.122449 0.074830 0.190476 0.149660
0 0.687075 0.755102 0.054422 0.068027
0 0.809524 0.302721 0.054422 0.061224
0 0.520408 0.741497 0.074830 0.068027
0 0.887755 0.585034 0.061224 0.054422
0 0.904762 0.414966 0.054422 0.054422