0 0.914966 0.612245 0.170068 0.326531
0 0.040816 0.700680 0.081633 0.136054
0 0.051020 0.867347 0.061224 0.074830
0 0.034014 0.952381 0.068027 0.095238
0 0.884354 0.894558 0.081633 0.088435
0 0.714286 0.687075 0.068027 0.081633
0 0.540816 0.476190 0.074830 0.081633
0 0.377551 0.275510 0.074830 0.074830
0 0.333333 0.047619 0.217687 0.095238
0 0.809524 0.431973 0.380952 0.374150
0 0.506803 0.132653 0.306122 0.265306
0 0.748299 0.176871 0.503401 0.353741
0 0.204082 0.064626 0.068027 0.088435
0 0.272109 0.176871 0.149660 0.163265
0 0.435374 0.353741 0.149660 0.176871
0 0.588435 0.557823 0.115646 0.136054
0 0.789116 0.785714 0.149660 0.142857
0 0.938776 0.952381 0.122449 0.095238