0 0.823129 0.122449 0.285714 0.244898
0 0.935374 0.557823 0.129252 0.421769
0 0.680272 0.227891 0.231293 0.238095
0 0.068027 0.438776 0.136054 0.251701
0 0.129252 0.333333 0.204082 0.204082
0 0.214286 0.251701 0.142857 0.163265
0 0.333333 0.183673 0.231293 0.231293
0 0.503401 0.102041 0.326531 0.204082
0 0.085034 0.748299 0.170068 0.299320
0 0.224490 0.608844 0.231293 0.265306
0 0.370748 0.462585 0.224490 0.217687
0 0.204082 0.840136 0.272109 0.319728
0 0.462585 0.748299 0.462585 0.476190
0 0.663265 0.500000 0.374150 0.333333
0 0.795918 0.799320 0.285714 0.401361
0 0.884354 0.350340 0.217687 0.224490