0 0.030612 0.965986 0.061224 0.068027
0 0.156463 0.911565 0.244898 0.176871
0 0.258503 0.843537 0.217687 0.217687
0 0.397959 0.751701 0.251701 0.306122
0 0.952381 0.244898 0.095238 0.326531
0 0.897959 0.663265 0.204082 0.292517
0 0.557823 0.615646 0.217687 0.265306
0 0.683673 0.520408 0.210884 0.265306
0 0.792517 0.384354 0.238095 0.224490
0 0.901361 0.323129 0.142857 0.210884
0 0.775510 0.778912 0.122449 0.156463
0 0.683673 0.867347 0.142857 0.156463
0 0.540816 0.918367 0.197279 0.163265
0 0.411565 0.989796 0.210884 0.020408