0 0.030612 0.918367 0.061224 0.163265
0 0.428571 0.520408 0.204082 0.224490
0 0.595238 0.418367 0.170068 0.197279
0 0.693878 0.319728 0.149660 0.149660
0 0.421769 0.272109 0.394558 0.353741
0 0.670068 0.659864 0.210884 0.204082
0 0.802721 0.078231 0.299320 0.156463
0 0.812925 0.227891 0.292517 0.183673
0 0.942177 0.125850 0.115646 0.142857
0 0.136054 0.374150 0.272109 0.340136
0 0.224490 0.115646 0.448980 0.231293
0 0.571429 0.064626 0.272109 0.129252
0 0.802721 0.551020 0.190476 0.190476
0 0.925170 0.445578 0.149660 0.183673