0 0.157718 0.916107 0.208054 0.167785
0 0.137584 0.842282 0.181208 0.140940
0 0.187919 0.691275 0.201342 0.161074
0 0.251678 0.536913 0.234899 0.201342
0 0.325503 0.375839 0.234899 0.201342
0 0.369128 0.234899 0.161074 0.134228
0 0.369128 0.848993 0.228188 0.181208
0 0.708054 0.986577 0.073826 0.026846
0 0.416107 0.671141 0.228188 0.187919
0 0.459732 0.496644 0.234899 0.187919
0 0.557047 0.479866 0.161074 0.288591
0 0.550336 0.278523 0.147651 0.167785
0 0.523490 0.104027 0.201342 0.208054
0 0.744966 0.097315 0.241611 0.194631
0 0.691275 0.241611 0.161074 0.134228