0 0.275168 0.050336 0.067114 0.060403
0 0.369128 0.214765 0.067114 0.080537
0 0.476510 0.365772 0.053691 0.046980
0 0.563758 0.533557 0.080537 0.073826
0 0.654362 0.694631 0.046980 0.046980
0 0.761745 0.865772 0.087248 0.120805
0 0.120805 0.144295 0.053691 0.046980
0 0.201342 0.278523 0.080537 0.060403
0 0.288591 0.429530 0.067114 0.067114
0 0.369128 0.553691 0.067114 0.046980
0 0.442953 0.701342 0.067114 0.060403
0 0.526846 0.832215 0.087248 0.053691
0 0.610738 0.973154 0.093960 0.053691
0 0.664430 0.268456 0.067114 0.067114
0 0.587248 0.090604 0.087248 0.046980
0 0.956376 0.634228 0.073826 0.114094
0 0.251678 0.973154 0.073826 0.053691
0 0.926174 0.342282 0.147651 0.120805
0 0.919463 0.536913 0.080537 0.080537
0 0.872483 0.446309 0.093960 0.073826
0 0.932886 0.248322 0.067114 0.053691
0 0.812081 0.281879 0.053691 0.053691
0 0.865772 0.258389 0.067114 0.060403
0 0.771812 0.315436 0.067114 0.067114
0 0.956376 0.466443 0.087248 0.087248