0 0.134228 0.043624 0.147651 0.087248
0 0.224832 0.164430 0.140940 0.154362
0 0.030201 0.151007 0.060403 0.114094
0 0.077181 0.312081 0.154362 0.167785
0 0.315436 0.362416 0.093960 0.067114
0 0.151007 0.453020 0.114094 0.087248
0 0.214765 0.567114 0.107383 0.087248
0 0.748322 0.070470 0.208054 0.140940
0 0.422819 0.573826 0.161074 0.181208
0 0.375839 0.476510 0.107383 0.080537
0 0.530201 0.758389 0.080537 0.067114
0 0.275168 0.687919 0.093960 0.087248
0 0.348993 0.795302 0.120805 0.100671
0 0.385906 0.919463 0.073826 0.067114
0 0.674497 0.973154 0.140940 0.053691