0 0.104027 0.224832 0.127517 0.100671
0 0.295302 0.137584 0.067114 0.060403
0 0.442953 0.073826 0.080537 0.067114
0 0.600671 0.013423 0.060403 0.026846
0 0.130872 0.395973 0.127517 0.093960
0 0.030201 0.651007 0.060403 0.107383
0 0.244966 0.741611 0.114094 0.087248
0 0.167785 0.573826 0.255034 0.288591
0 0.573826 0.167785 0.140940 0.161074
0 0.352349 0.453020 0.194631 0.234899
0 0.523490 0.365772 0.214765 0.167785
0 0.453020 0.234899 0.127517 0.147651
0 0.731544 0.278523 0.241611 0.194631
0 0.909396 0.157718 0.181208 0.221477
0 0.738255 0.087248 0.201342 0.174497
0 0.882550 0.030201 0.087248 0.060403
0 0.963087 0.020134 0.073826 0.040268
0 0.983221 0.033557 0.033557 0.067114
0 0.755034 0.483221 0.073826 0.053691
0 0.862416 0.426174 0.073826 0.060403
0 0.620805 0.553691 0.073826 0.060403
0 0.385906 0.687919 0.060403 0.046980
0 0.758389 0.979866 0.147651 0.040268
0 0.520134 0.617450 0.073826 0.067114
0 0.976510 0.342282 0.046980 0.053691