0 0.100671 0.100671 0.161074 0.161074
0 0.174497 0.211409 0.107383 0.073826
0 0.332215 0.127517 0.114094 0.134228
0 0.248322 0.016779 0.107383 0.033557
0 0.426174 0.312081 0.154362 0.167785
0 0.244966 0.369128 0.087248 0.107383
0 0.506711 0.442953 0.114094 0.080537
0 0.392617 0.657718 0.167785 0.161074
0 0.577181 0.583893 0.093960 0.080537
0 0.644295 0.718121 0.107383 0.107383
0 0.724832 0.845638 0.107383 0.093960
0 0.473154 0.788591 0.087248 0.060403
0 0.563758 0.932886 0.093960 0.067114
0 0.802013 0.976510 0.073826 0.046980
0 0.627517 0.989933 0.100671 0.020134
0 0.036913 0.677852 0.073826 0.214765
0 0.073826 0.785235 0.147651 0.187919
0 0.040268 0.909396 0.080537 0.181208
0 0.104027 0.959732 0.154362 0.080537
0 0.879195 0.265101 0.080537 0.060403
0 0.973154 0.496644 0.053691 0.093960