0 0.060403 0.161074 0.080537 0.093960
0 0.483221 0.144295 0.120805 0.154362
0 0.469799 0.755034 0.402685 0.409396
0 0.734899 0.412752 0.140940 0.140940
0 0.140940 0.359060 0.026846 0.033557
0 0.312081 0.355705 0.046980 0.026846
0 0.496644 0.345638 0.040268 0.033557
0 0.724832 0.536913 0.161074 0.107383
0 0.728188 0.651007 0.140940 0.107383
0 0.751678 0.791946 0.147651 0.147651
0 0.899329 0.449664 0.093960 0.093960
0 0.882550 0.704698 0.140940 0.147651
0 0.899329 0.939597 0.201342 0.120805
0 0.916107 0.842282 0.167785 0.114094
0 0.573826 0.963087 0.154362 0.073826
0 0.721477 0.909396 0.114094 0.073826