0 0.171141 0.882550 0.342282 0.234899
0 0.167785 0.483221 0.134228 0.120805
0 0.463087 0.342282 0.107383 0.093960
0 0.402685 0.802013 0.187919 0.127517
0 0.151007 0.191275 0.194631 0.194631
0 0.090604 0.107383 0.167785 0.214765
0 0.610738 0.402685 0.147651 0.107383
0 0.671141 0.496644 0.147651 0.093960
0 0.906040 0.785235 0.187919 0.174497
0 0.879195 0.942953 0.120805 0.087248
0 0.939597 0.281879 0.120805 0.214765
0 0.308725 0.077181 0.348993 0.154362
0 0.489933 0.036913 0.093960 0.073826
0 0.570470 0.832215 0.147651 0.120805
0 0.382550 0.932886 0.107383 0.093960
0 0.375839 0.583893 0.080537 0.067114