0 0.073826 0.114094 0.120805 0.120805
0 0.184564 0.117450 0.127517 0.140940
0 0.385906 0.241611 0.140940 0.134228
0 0.241611 0.244966 0.161074 0.140940
0 0.385906 0.389262 0.140940 0.147651
0 0.241611 0.389262 0.174497 0.147651
0 0.919463 0.322148 0.161074 0.375839
0 0.221477 0.926174 0.174497 0.147651
0 0.365772 0.979866 0.060403 0.040268
0 0.416107 0.755034 0.067114 0.060403
0 0.399329 0.865772 0.060403 0.053691
0 0.409396 0.812081 0.067114 0.053691
0 0.916107 0.815436 0.114094 0.087248
0 0.959732 0.912752 0.080537 0.093960
0 0.929530 0.882550 0.100671 0.073826