0 0.241611 0.134228 0.147651 0.147651
0 0.083893 0.275168 0.167785 0.201342
0 0.184564 0.016779 0.114094 0.033557
0 0.852349 0.040268 0.093960 0.080537
0 0.392617 0.399329 0.154362 0.087248
0 0.305369 0.261745 0.114094 0.093960
0 0.483221 0.573826 0.147651 0.127517
0 0.553691 0.701342 0.140940 0.114094
0 0.637584 0.848993 0.134228 0.087248
0 0.718121 0.953020 0.147651 0.093960
0 0.406040 0.885906 0.315436 0.228188
0 0.248322 0.614094 0.241611 0.342282
0 0.130872 0.422819 0.100671 0.093960
0 0.043624 0.134228 0.087248 0.187919