0 0.848993 0.392617 0.127517 0.140940
0 0.869128 0.533557 0.060403 0.100671
0 0.486577 0.406040 0.100671 0.087248
0 0.026846 0.805369 0.053691 0.134228
0 0.379195 0.395973 0.114094 0.080537
0 0.255034 0.416107 0.107383 0.080537
0 0.130872 0.426174 0.100671 0.087248
0 0.036913 0.429530 0.073826 0.080537
0 0.513423 0.785235 0.208054 0.228188
0 0.701342 0.781879 0.208054 0.234899
0 0.902685 0.775168 0.194631 0.194631
0 0.916107 0.912752 0.167785 0.174497
0 0.681208 0.983221 0.087248 0.033557
0 0.463087 0.993289 0.120805 0.013423