0 0.057047 0.087248 0.114094 0.120805
0 0.147651 0.046980 0.120805 0.093960
0 0.234899 0.020134 0.107383 0.040268
0 0.778523 0.036913 0.174497 0.073826
0 0.456376 0.399329 0.134228 0.100671
0 0.348993 0.446309 0.120805 0.100671
0 0.278523 0.520134 0.100671 0.100671
0 0.171141 0.550336 0.127517 0.107383
0 0.063758 0.604027 0.127517 0.107383
0 0.016779 0.664430 0.033557 0.080537
0 0.963087 0.661074 0.073826 0.114094
0 0.798658 0.204698 0.120805 0.181208
0 0.848993 0.302013 0.100671 0.134228
0 0.684564 0.812081 0.147651 0.161074
0 0.590604 0.875839 0.107383 0.114094
0 0.486577 0.932886 0.140940 0.134228
0 0.379195 0.956376 0.100671 0.087248
0 0.298658 0.973154 0.087248 0.053691
0 0.885906 0.500000 0.174497 0.167785