0 0.083893 0.761745 0.167785 0.167785
0 0.208054 0.030201 0.080537 0.060403
0 0.285235 0.201342 0.087248 0.067114
0 0.332215 0.325503 0.060403 0.073826
0 0.389262 0.510067 0.067114 0.080537
0 0.439597 0.667785 0.060403 0.060403
0 0.493289 0.822148 0.060403 0.073826
0 0.550336 0.956376 0.067114 0.060403
0 0.536913 0.214765 0.053691 0.040268
0 0.560403 0.369128 0.060403 0.053691
0 0.607383 0.449664 0.060403 0.053691
0 0.640940 0.540268 0.073826 0.060403
0 0.674497 0.651007 0.046980 0.040268
0 0.704698 0.731544 0.053691 0.053691
0 0.768456 0.926174 0.060403 0.040268
0 0.956376 0.429530 0.087248 0.134228
0 0.664430 0.144295 0.174497 0.181208
0 0.909396 0.912752 0.127517 0.147651
0 0.704698 0.466443 0.120805 0.154362
0 0.694631 0.355705 0.073826 0.067114
0 0.986577 0.191275 0.026846 0.046980
0 0.744966 0.275168 0.040268 0.040268