0 0.335570 0.110738 0.134228 0.087248
0 0.422819 0.285235 0.107383 0.100671
0 0.369128 0.187919 0.120805 0.120805
0 0.208054 0.231544 0.080537 0.127517
0 0.271812 0.221477 0.060403 0.067114
0 0.265101 0.281879 0.046980 0.053691
0 0.604027 0.238255 0.134228 0.127517
0 0.563758 0.144295 0.134228 0.114094
0 0.496644 0.057047 0.161074 0.114094
0 0.714765 0.013423 0.194631 0.026846
0 0.593960 0.791946 0.181208 0.134228
0 0.244966 0.953020 0.154362 0.093960
0 0.661074 0.919463 0.154362 0.120805
0 0.738255 0.993289 0.134228 0.013423