0 0.664430 0.201342 0.295302 0.281879
0 0.919463 0.073826 0.161074 0.147651
0 0.352349 0.325503 0.275168 0.288591
0 0.463087 0.848993 0.201342 0.208054
0 0.352349 0.734899 0.194631 0.167785
0 0.318792 0.587248 0.234899 0.208054
0 0.214765 0.409396 0.201342 0.268456
0 0.476510 0.530201 0.053691 0.053691
0 0.634228 0.436242 0.060403 0.053691
0 0.966443 0.265101 0.053691 0.060403
0 0.798658 0.355705 0.067114 0.067114
0 0.691275 0.939597 0.040268 0.053691
0 0.859060 0.845638 0.067114 0.067114
0 0.986577 0.748322 0.026846 0.073826