0 0.359060 0.510067 0.154362 0.147651
0 0.758389 0.104027 0.241611 0.208054
0 0.916107 0.040268 0.114094 0.080537
0 0.083893 0.187919 0.167785 0.161074
0 0.073826 0.761745 0.147651 0.154362
0 0.983221 0.073826 0.033557 0.093960
0 0.687919 0.661074 0.114094 0.087248
0 0.543624 0.744966 0.093960 0.080537
0 0.922819 0.365772 0.154362 0.208054
0 0.278523 0.889262 0.060403 0.046980
0 0.412752 0.802013 0.033557 0.033557
0 0.875839 0.224832 0.248322 0.302013
0 0.117450 0.959732 0.114094 0.080537
0 0.714765 0.560403 0.140940 0.114094
0 0.583893 0.634228 0.187919 0.114094
0 0.419463 0.731544 0.167785 0.107383
0 0.295302 0.791946 0.093960 0.067114
0 0.184564 0.842282 0.073826 0.046980
0 0.030201 0.939597 0.060403 0.067114
0 0.838926 0.912752 0.040268 0.040268
0 0.694631 0.986577 0.033557 0.026846