0 0.902685 0.147651 0.194631 0.161074
0 0.751678 0.154362 0.120805 0.147651
0 0.520134 0.100671 0.073826 0.134228
0 0.607383 0.124161 0.181208 0.127517
0 0.476510 0.291946 0.107383 0.087248
0 0.359060 0.285235 0.127517 0.100671
0 0.436242 0.187919 0.107383 0.107383
0 0.372483 0.171141 0.127517 0.127517
0 0.228188 0.174497 0.161074 0.134228
0 0.087248 0.302013 0.147651 0.093960
0 0.053691 0.181208 0.107383 0.093960
0 0.899329 0.312081 0.161074 0.100671
0 0.241611 0.090604 0.107383 0.100671
0 0.607383 0.208054 0.087248 0.067114
0 0.090604 0.104027 0.181208 0.087248
0 0.768456 0.818792 0.073826 0.080537
0 0.278523 0.815436 0.087248 0.060403