0 0.214765 0.234899 0.134228 0.134228
0 0.573826 0.036913 0.114094 0.073826
0 0.268456 0.419463 0.080537 0.073826
0 0.124161 0.506711 0.100671 0.087248
0 0.040268 0.577181 0.053691 0.107383
0 0.697987 0.194631 0.107383 0.080537
0 0.966443 0.050336 0.067114 0.087248
0 0.969799 0.379195 0.060403 0.073826
0 0.399329 0.677852 0.087248 0.080537
0 0.265101 0.768456 0.046980 0.046980
0 0.130872 0.828859 0.073826 0.060403
0 0.540268 0.610738 0.073826 0.053691
0 0.828859 0.432886 0.127517 0.087248
0 0.402685 0.355705 0.080537 0.067114
0 0.563758 0.268456 0.026846 0.026846
0 0.838926 0.120805 0.026846 0.026846