0 0.604027 0.070470 0.120805 0.140940
0 0.671141 0.204698 0.120805 0.100671
0 0.748322 0.342282 0.060403 0.040268
0 0.835570 0.510067 0.100671 0.107383
0 0.912752 0.644295 0.107383 0.107383
0 0.969799 0.768456 0.046980 0.046980
0 0.983221 0.909396 0.033557 0.087248
0 0.812081 0.953020 0.241611 0.093960
0 0.734899 0.822148 0.208054 0.248322
0 0.630872 0.664430 0.228188 0.187919
0 0.587248 0.493289 0.234899 0.234899
0 0.473154 0.322148 0.221477 0.214765
0 0.395973 0.201342 0.255034 0.295302
0 0.298658 0.077181 0.261745 0.154362