0 0.681208 0.083893 0.181208 0.167785
0 0.755034 0.177852 0.073826 0.073826
0 0.848993 0.348993 0.114094 0.093960
0 0.667785 0.429530 0.073826 0.080537
0 0.597315 0.298658 0.080537 0.060403
0 0.506711 0.137584 0.073826 0.073826
0 0.892617 0.459732 0.134228 0.127517
0 0.808725 0.671141 0.167785 0.174497
0 0.939597 0.583893 0.120805 0.187919
0 0.976510 0.711409 0.046980 0.107383
0 0.946309 0.932886 0.107383 0.134228
0 0.426174 0.872483 0.100671 0.093960
0 0.194631 0.483221 0.040268 0.040268
0 0.258389 0.681208 0.046980 0.046980
0 0.503356 0.959732 0.120805 0.080537
0 0.305369 0.476510 0.046980 0.053691
0 0.194631 0.429530 0.053691 0.026846
0 0.738255 0.577181 0.093960 0.067114
0 0.114094 0.869128 0.067114 0.060403
0 0.046980 0.959732 0.093960 0.080537
0 0.181208 0.359060 0.080537 0.046980