0 0.909396 0.315436 0.060403 0.053691
0 0.879195 0.218121 0.067114 0.060403
0 0.848993 0.120805 0.060403 0.053691
0 0.815436 0.020134 0.046980 0.040268
0 0.593960 0.114094 0.073826 0.067114
0 0.651007 0.281879 0.053691 0.053691
0 0.718121 0.439597 0.067114 0.073826
0 0.775168 0.630872 0.060403 0.067114
0 0.161074 0.157718 0.120805 0.100671
0 0.375839 0.644295 0.080537 0.080537
0 0.654362 0.902685 0.073826 0.060403
0 0.197987 0.607383 0.100671 0.140940
0 0.130872 0.640940 0.073826 0.087248
0 0.046980 0.751678 0.093960 0.120805
0 0.318792 0.419463 0.046980 0.060403
0 0.023490 0.486577 0.046980 0.046980