0 0.406040 0.057047 0.248322 0.114094
0 0.714765 0.040268 0.140940 0.080537
0 0.785235 0.161074 0.107383 0.107383
0 0.540268 0.238255 0.114094 0.100671
0 0.859060 0.291946 0.093960 0.087248
0 0.929530 0.422819 0.100671 0.107383
0 0.651007 0.395973 0.093960 0.093960
0 0.741611 0.580537 0.275168 0.275168
0 0.976510 0.543624 0.046980 0.080537
0 0.154362 0.248322 0.120805 0.147651
0 0.285235 0.436242 0.087248 0.067114
0 0.060403 0.429530 0.120805 0.134228
0 0.268456 0.761745 0.174497 0.208054
0 0.734899 0.882550 0.140940 0.114094
0 0.902685 0.885906 0.114094 0.120805
0 0.540268 0.939597 0.154362 0.120805
0 0.550336 0.567114 0.093960 0.100671
0 0.476510 0.416107 0.067114 0.053691
0 0.375839 0.241611 0.053691 0.040268
0 0.818792 0.724832 0.107383 0.120805
0 0.174497 0.825503 0.348993 0.348993