0 0.815436 0.127517 0.140940 0.147651
0 0.563758 0.077181 0.147651 0.154362
0 0.248322 0.932886 0.174497 0.134228
0 0.080537 0.312081 0.161074 0.127517
0 0.385906 0.932886 0.100671 0.134228
0 0.942953 0.778523 0.114094 0.147651
0 0.956376 0.432886 0.087248 0.100671
0 0.872483 0.251678 0.161074 0.154362
0 0.634228 0.211409 0.100671 0.073826
0 0.718121 0.359060 0.107383 0.087248
0 0.788591 0.503356 0.154362 0.120805
0 0.848993 0.647651 0.100671 0.087248
0 0.986577 0.546980 0.026846 0.087248
0 0.513423 0.845638 0.060403 0.053691
0 0.989933 0.936242 0.020134 0.100671