0 0.845638 0.144295 0.161074 0.140940
0 0.711409 0.043624 0.134228 0.087248
0 0.312081 0.030201 0.087248 0.060403
0 0.251678 0.201342 0.060403 0.067114
0 0.184564 0.375839 0.194631 0.187919
0 0.053691 0.265101 0.107383 0.127517
0 0.506711 0.634228 0.127517 0.100671
0 0.483221 0.771812 0.134228 0.107383
0 0.422819 0.912752 0.134228 0.120805
0 0.080537 0.771812 0.161074 0.147651
0 0.067114 0.932886 0.134228 0.134228
0 0.677852 0.637584 0.120805 0.107383
0 0.845638 0.697987 0.093960 0.093960
0 0.976510 0.751678 0.046980 0.107383
0 0.959732 0.211409 0.080537 0.140940
0 0.093960 0.144295 0.107383 0.087248
0 0.120805 0.590604 0.241611 0.201342